Create a directory where creating and testing the recipe.

mkdir /home/vidal/wkg/yocto/myhdl_recipe
I download several repoistories to the location below.

rsync -avl ../repo072015/poky .
The above command will put poky to clean location

cd poky

git checkout -b fido
Switched to a new branch 'fido'

. oe-init-build-env

 recipetool create  -o /home/vidal/wkg/yocto/myhdl_recipe/poky/meta/recipes-devtools/python/python-myhdl_1.0.0.bb  git://github.com/jandecaluwe/myhdl.git

The recipe template will be created including some information about the file fetched.
 
  
I added my local.conf with #DL_DIR ?= "/home/vidal/wkg/yocto/downloads"
to download to /home/vidal/wkg/yocto/myhdl_recipe/poky/build/downloads

Added python-myhdl_1.0.0.bb to my build
bitbake python-myhdl

ls tmp/work/cortexa7hf-vfp-vfpv4-neon-poky-linux-gnueabi/python-myhdl/1.0.0+gitAUTOINC+fdc453fcc7-r0/deploy-rpms/cortexa7hf_vfp_vfpv4_neon/
python-myhdl-1.0.0+git0+fdc453fcc7-r0.cortexa7hf_vfp_vfpv4_neon.rpm
python-myhdl-dbg-1.0.0+git0+fdc453fcc7-r0.cortexa7hf_vfp_vfpv4_neon.rpm
python-myhdl-dev-1.0.0+git0+fdc453fcc7-r0.cortexa7hf_vfp_vfpv4_neon.rpm
2 of the rpms are empty.
The rpm python-myhdl-1.0.0+git0+fdc453fcc7-r0.cortexa7hf_vfp_vfpv4_neon.rpm
contains 79 the files found in the file /home/vidal/wkg/raspberrypi2_yocto/recipe_myhdl/myhdl_build.txt.
The files in the rpm will be installed at /usr/lib/python2.7/site-packages/myhdl-1.0dev-py2.7.egg-info
on the target.  
The file in /home/vidal/wkg/yocto/RaspberryPi2/poky/build/tmp/work/cortexa7hf-vfp-vfpv4-neon-poky-linux-gnueabi/python-myhdl/1.0.0+gitAUTOINC+fdc453fcc7-r0/deploy-rpms/cortexa7hf_vfp_vfpv4_neon

scp python-myhdl-1.0.0+git0+fdc453fcc7-r0.cortexa7hf_vfp_vfpv4_neon.rpm 192.168.1.136:~/

The command to install on the target.
rpm -Uh python-myhdl-1.0.0+git0+fdc453fcc7-r0.cortexa7hf_vfp_vfpv4_neon.rpm

rpm -Uh python-myhdl-1.0.0+git0+fdc453fcc7-r0.cortexa7hf_vfp_vfpv4_neon.rpm 
########################################### [100%]
########################################### [100%]
root@raspberrypi2:~# python 
Python 2.7.9 (default, Jul 26 2015, 21:01:54) 
[GCC 4.9.3] on linux2
Type "help", "copyright", "credits" or "license" for more information.
>>> from myhdl import *
>>> 
[1]+  Stopped(SIGTSTP)        python


git clone https://github.com/develone/jpeg-2000-test.git
Cloning into 'jpeg-2000-test'...
remote: Counting objects: 5922, done.
remote: Total 5922 (delta 0), reused 0 (delta 0), pack-reused 5922
Receiving objects: 100% (5922/5922), 57.58 MiB | 2.64 MiB/s, done.
Resolving deltas: 100% (3699/3699), done.
Checking connectivity... done.
Checking out files: 100% (1756/1756), done.
root@raspberrypi2:~# cd jpeg-2000-test/ipython_fixbv/
root@raspberrypi2:~/jpeg-2000-test/ipython_fixbv# python test_jpegEnc.py 
../lena_64.png
L 64 64
Gray 64 64
forward dwt using file  ../lena_64.png dwt_level 1 dwt_filter [5, 3]
performing 1 column at a time
(32, 32)
1024
[248, 191, 218, 162, 120, 131, 141, 159, 165, 163, 166, 165, 167, 164, 165, 165, 164, 160, 160, 137, 172, 198, 197, 193, 186, 255, 178, 144, 153, 155, 167, 82, 197, 167, 163, 130, 93, 103, 112, 124, 131, 130, 130, 132, 128, 127, 125, 133, 130, 126, 129, 117, 119, 164, 162, 157, 154, 148, 233, 104, 124, 136, 52, 55, 205, 162, 165, 127, 95, 103, 113, 125, 127, 128, 129, 129, 131, 135, 136, 127, 121, 129, 129, 118, 119, 150, 157, 154, 156, 138, 196, 182, 116, 47, 53, 46, 211, 125, 174, 129, 88, 102, 114, 122, 126, 129, 134, 132, 145, 169, 184, 194, 168, 111, 122, 111, 119, 148, 153, 149, 145, 142, 134, 253, 51, 53, 51, 46, 162, 112, 177, 125, 84, 102, 107, 117, 125, 124, 113, 129, 133, 149, 183, 190, 200, 204, 105, 105, 114, 161, 127, 147, 145, 143, 158, 89, 43, 49, 47, 79, 108, 119, 176, 122, 86, 103, 108, 118, 125, 111, 118, 126, 141, 144, 171, 195, 207, 208, 225, 76, 112, 163, 115, 93, 155, 145, 133, 33, 54, 44, 90, 157, 111, 119, 173, 125, 86, 100, 110, 122, 115, 113, 124, 142, 133, 140, 193, 195, 202, 204, 208, 215, 83, 164, 128, 21, 139, 154, 41, 58, 50, 57, 154, 164, 114, 115, 176, 123, 81, 101, 105, 141, 110, 115, 128, 123, 146, 181, 181, 191, 195, 202, 203, 224, 144, 160, 105, 98, 221, 221, 37, 51, 44, 144, 162, 157, 125, 120, 180, 130, 84, 102, 96, 166, 95, 114, 120, 142, 152, 176, 178, 174, 186, 190, 188, 197, 204, 157, 191, 217, 204, 215, 36, 42, 95, 166, 159, 156, 120, 119, 181, 132, 85, 100, 87, 185, 119, 104, 139, 137, 151, 161, 172, 175, 168, 180, 184, 167, 182, 204, 200, 207, 179, 158, 31, 52, 158, 161, 159, 156, 119, 125, 180, 133, 86, 99, 87, 190, 144, 122, 129, 138, 145, 140, 136, 140, 157, 133, 158, 193, 193, 196, 221, 185, 150, 65, 42, 120, 162, 158, 158, 154, 126, 126, 181, 133, 83, 101, 82, 192, 142, 116, 134, 130, 135, 102, 72, 99, 52, 94, 193, 193, 198, 201, 114, 135, 116, 41, 54, 156, 164, 159, 155, 154, 130, 120, 181, 136, 81, 99, 101, 119, 190, 120, 124, 128, 75, 58, 57, 66, 109, 203, 180, 181, 175, 75, 169, 114, 38, 46, 93, 171, 165, 161, 158, 153, 128, 113, 182, 141, 80, 102, 107, 113, 175, 110, 123, 57, 64, 76, 44, 106, 186, 172, 169, 200, 215, 55, 138, 27, 64, 42, 134, 163, 164, 164, 160, 153, 126, 112, 183, 140, 85, 105, 111, 114, 134, 129, 48, 61, 52, 66, 98, 187, 171, 167, 185, 201, 232, 97, 105, 52, 56, 67, 168, 159, 153, 147, 150, 152, 126, 110, 183, 141, 82, 102, 106, 144, 94, 82, 82, 52, 57, 66, 192, 170, 114, 88, 170, 198, 153, 80, 80, 75, 41, 118, 162, 157, 161, 156, 152, 136, 120, 99, 188, 141, 86, 90, 137, 136, 61, 81, 59, 64, 34, 158, 193, 52, 88, 126, 137, 179, 73, 54, 86, 81, 46, 144, 160, 152, 155, 151, 133, 142, 115, 90, 191, 145, 91, 130, 97, 64, 80, 98, 81, 36, 90, 187, 114, 167, 159, 160, 130, 200, 137, 75, 77, 84, 61, 163, 153, 151, 150, 133, 187, 192, 93, 85, 188, 144, 93, 115, 80, 106, 47, 45, 118, 27, 190, 59, 139, 163, 187, 158, 123, 207, 148, 83, 74, 70, 107, 162, 151, 148, 130, 190, 197, 201, 94, 74, 187, 142, 104, 96, 76, 113, 41, 85, 70, 115, 91, 71, 130, 152, 163, 136, 111, 199, 145, 54, 67, 93, 135, 156, 151, 144, 153, 201, 208, 208, 92, 108, 181, 150, 94, 83, 75, 107, 101, 41, 119, 139, 30, 95, 128, 142, 159, 152, 150, 183, 120, 45, 66, 110, 151, 152, 148, 134, 183, 206, 210, 210, 77, 111, 183, 149, 105, 75, 71, 81, 93, 144, 142, 46, 52, 86, 127, 140, 127, 128, 153, 154, 58, 62, 56, 129, 157, 148, 148, 132, 195, 210, 211, 213, 67, 108, 187, 148, 102, 77, 72, 116, 105, 172, 71, 47, 60, 68, 103, 133, 144, 124, 145, 125, 37, 61, 62, 143, 155, 156, 150, 130, 209, 214, 212, 213, 56, 119, 181, 146, 83, 68, 59, 96, 128, 98, 43, 57, 51, 56, 59, 94, 136, 166, 181, 37, 59, 67, 68, 144, 148, 154, 150, 124, 218, 213, 220, 145, 73, 83, 180, 157, 81, 61, 67, 110, 107, 121, 76, 60, 51, 54, 66, 124, 133, 144, 165, 197, 85, 52, 76, 142, 117, 110, 119, 118, 218, 218, 66, 64, 190, 64, 186, 166, 57, 64, 72, 74, 74, 134, 105, 53, 55, 65, 70, 128, 139, 143, 172, 186, 232, 140, 51, 141, 149, 140, 120, 122, 240, 91, 93, 92, 177, 72, 193, 163, 48, 45, 77, 53, 86, 127, 94, 68, 53, 65, 88, 132, 139, 146, 160, 179, 199, 242, 53, 146, 147, 138, 127, 209, 203, 84, 107, 102, 154, 83, 187, 159, 46, 57, 69, 43, 60, 125, 104, 80, 53, 103, 92, 139, 138, 139, 154, 170, 196, 222, 143, 146, 142, 132, 158, 232, 139, 102, 100, 92, 122, 102, 181, 163, 51, 54, 57, 54, 76, 73, 103, 41, 47, 126, 93, 147, 142, 137, 149, 160, 187, 207, 214, 91, 129, 146, 132, 219, 103, 86, 99, 84, 137, 128, 174, 162, 48, 52, 58, 48, 60, 126, 45, 38, 98, 79, 131, 140, 143, 139, 142, 155, 175, 201, 223, 99, 85, 38, 202, 159, 56, 98, 103, 57, 139, 141, 172, 158, 39, 53, 58, 87, 54, 102, 41, 46, 82, 118, 136, 140, 145, 145, 141, 147, 166, 191, 227, 121, 104, 102, 142, 58, 99, 74, 111, 59, 89, 193, 164, 145, 40, 64, 79, 73, 84, 66, 70, 94, 122, 126, 133, 135, 142, 145, 148, 150, 163, 178, 206, 178, 84, 124, 128, 92, 81, 125, 56, 85]
21 255
1024
Counter({142: 14, 144: 13, 145: 13, 102: 12, 119: 12, 125: 12, 128: 12, 129: 12, 130: 12, 133: 12, 126: 11, 139: 11, 158: 11, 52: 10, 120: 10, 148: 10, 154: 10, 163: 10, 181: 10, 57: 9, 93: 9, 105: 9, 114: 9, 124: 9, 127: 9, 136: 9, 140: 9, 141: 9, 150: 9, 153: 9, 157: 9, 159: 9, 162: 9, 164: 9, 193: 9, 53: 8, 54: 8, 64: 8, 81: 8, 86: 8, 103: 8, 111: 8, 122: 8, 160: 8, 187: 8, 41: 7, 46: 7, 51: 7, 66: 7, 83: 7, 84: 7, 85: 7, 94: 7, 99: 7, 110: 7, 115: 7, 118: 7, 132: 7, 134: 7, 137: 7, 152: 7, 156: 7, 165: 7, 190: 7, 56: 6, 58: 6, 59: 6, 75: 6, 76: 6, 80: 6, 82: 6, 98: 6, 107: 6, 113: 6, 146: 6, 151: 6, 155: 6, 166: 6, 167: 6, 172: 6, 183: 6, 47: 5, 61: 5, 67: 5, 74: 5, 92: 5, 104: 5, 135: 5, 138: 5, 143: 5, 147: 5, 149: 5, 161: 5, 180: 5, 186: 5, 191: 5, 197: 5, 201: 5, 204: 5, 45: 4, 48: 4, 60: 4, 68: 4, 70: 4, 72: 4, 73: 4, 77: 4, 88: 4, 90: 4, 91: 4, 95: 4, 101: 4, 108: 4, 112: 4, 116: 4, 123: 4, 131: 4, 175: 4, 178: 4, 195: 4, 200: 4, 207: 4, 208: 4, 218: 4, 37: 3, 38: 3, 42: 3, 43: 3, 44: 3, 55: 3, 65: 3, 71: 3, 79: 3, 87: 3, 96: 3, 100: 3, 106: 3, 117: 3, 121: 3, 168: 3, 169: 3, 170: 3, 171: 3, 174: 3, 176: 3, 179: 3, 182: 3, 185: 3, 188: 3, 192: 3, 196: 3, 198: 3, 202: 3, 203: 3, 210: 3, 213: 3, 215: 3, 221: 3, 232: 3, 27: 2, 36: 2, 62: 2, 89: 2, 97: 2, 177: 2, 184: 2, 199: 2, 206: 2, 209: 2, 211: 2, 214: 2, 21: 1, 30: 1, 31: 1, 33: 1, 34: 1, 39: 1, 40: 1, 49: 1, 50: 1, 69: 1, 109: 1, 173: 1, 194: 1, 205: 1, 212: 1, 217: 1, 219: 1, 220: 1, 222: 1, 223: 1, 224: 1, 225: 1, 227: 1, 233: 1, 240: 1, 242: 1, 248: 1, 253: 1, 255: 1})

[(142, 14), (144, 13), (145, 13), (102, 12), (119, 12), (125, 12), (128, 12), (129, 12), (130, 12), (133, 12), (126, 11), (139, 11), (158, 11), (52, 10), (120, 10), (148, 10), (154, 10), (163, 10), (181, 10), (57, 9), (93, 9), (105, 9), (114, 9), (124, 9), (127, 9), (136, 9), (140, 9), (141, 9), (150, 9), (153, 9), (157, 9), (159, 9)]

[(142, 14), (144, 13), (145, 13), (102, 12), (119, 12), (125, 12), (128, 12), (129, 12)]

[1, 2, 1, 1, 1, 1, 2, 3, 3, 1, 1, 7, 3, 3, 3, 4, 7, 5, 4, 1, 1, 7, 10, 8, 8, 3, 6, 9, 6, 6, 4, 5, 2, 8, 3, 7, 5, 4, 1, 4, 3, 4, 4, 5, 6, 6, 4, 3, 6, 8, 6, 7, 7, 7, 8, 3, 4, 2, 4, 4, 5, 9, 7, 4, 3, 2, 6, 7, 3, 4, 12, 8, 5, 9, 3, 6, 4, 1, 7, 8, 4, 6, 9, 7, 4, 3, 7, 12, 10, 3, 8, 4, 9, 12, 11, 9, 12, 12, 12, 4, 7, 12, 7, 5, 9, 7, 5, 11, 9, 9, 14, 5, 13, 13, 6, 5, 10, 5, 9, 6, 7, 9, 10, 6, 7, 9, 11, 9, 8, 5, 9, 10, 9, 7, 6, 6, 3, 3, 3, 3, 6, 1, 3, 4, 3, 2, 4, 3, 5, 10, 3, 6, 2, 3, 5, 8, 3, 7, 5, 3, 9, 1, 4, 3, 5, 3, 2, 4, 5, 3, 3, 5, 1, 2, 4, 4, 2, 3, 2, 1, 3, 2, 3, 1, 4, 1, 1, 3, 1, 1, 1, 1, 1, 3, 1, 1, 1, 1, 1, 1]


